                                 _____________________________

                                        SaTScan v9.6.1
                                 _____________________________


Program run on: Fri Mar 11 19:34:12 2022

Purely Spatial analysis
scanning for clusters with high or low rates
using the Discrete Poisson model.
_______________________________________________________________________________________________

SUMMARY OF DATA

Study period.......................: 2019/1/1 to 2019/12/31
Number of locations................: 5566
Population, averaged over time.....: 13575
Total number of cases..............: 13575
Annual cases / 100000..............: 100066.4
_______________________________________________________________________________________________

CLUSTERS DETECTED

1.Location IDs included.: 430040, 431175, 431810, 431171, 431530, 430290, 431640, 431303,
                          432237, 431060, 431980, 431740, 431110, 431055, 432240, 431710,
                          431800, 431210, 430465, 430250, 431770, 430637, 431830, 432149,
                          431940, 431113, 430660, 431890, 431532, 431697, 430187, 430865,
                          431915, 431920, 430635, 431912, 431690, 432345, 431595, 431053,
                          431630, 430330, 431455, 432375, 431937, 431217, 432220, 431115,
                          431647, 430520, 430783, 431930, 431120, 432065, 431150, 431075,
                          430693, 431510, 430950, 431960, 430370, 432234, 431750, 430840,
                          430150, 432057, 431310, 431500, 431843, 430430, 430800, 430587,
                          432032, 430222, 431550, 430280, 430670, 430160, 431020, 430900,
                          430500, 431507, 431790, 431447, 430010, 430610, 431720, 430003,
                          430258, 431402, 430223, 431430, 430030, 430965, 432230, 430975,
                          430020, 431645, 430781, 430120, 431040, 431505, 432180, 432070,
                          431123, 432210, 430845, 431041, 430540, 431339, 432026, 430045,
                          431342, 431406, 430513, 431390, 431087, 431333, 430960, 431849,
                          430300, 430435, 431700, 430570, 432215, 431535, 431973, 430220,
                          430410, 430673, 430420, 431780, 431910, 431000, 431301, 431670,
                          430055, 431125, 432023, 432253, 431417, 430600, 432030, 430970,
                          430400, 431643, 431450, 430560, 430957, 430590, 430750, 432100,
                          430237, 432147, 430260, 431127, 431540, 432190, 430915, 431460,
                          432067, 432270, 431370, 430200, 430745, 430642, 431265, 431242,
                          431680, 432320, 430690, 431230, 430530, 430245, 431570, 431395,
                          431936, 432140, 430730, 431349, 432080, 430047, 430470, 430215,
                          430632, 432146, 430710, 431295, 431775, 430195, 431407, 431515,
                          431845, 431085, 430995, 432045, 430705, 432370, 431142, 430830,
                          432010, 430585, 432020, 431642, 431380, 430461, 430450, 432252,
                          432260, 431846, 432132, 431346, 432350, 431267, 430515, 430185,
                          431513, 431344, 420840, 431620, 431215, 430580, 431445, 431449,
                          430850, 431477, 430607, 431160, 431675, 430843, 430063, 431205,
                          430340, 431245, 431225, 431590, 431520, 430692, 430583, 430140,
                          432162, 431420, 430512, 431610, 421625, 431545, 431030, 431057,
                          430650, 430620, 431300, 431410, 430064, 430270, 430780, 430107,
                          431140, 430240, 430469, 431275, 430355, 432310, 430100, 432185,
                          430130, 430675, 421875, 430070, 432195, 421100, 432130, 431180,
                          432340, 431050, 432235, 421555, 420765, 431470, 430558, 430544,
                          431235, 430912, 431580, 430605, 430807, 430680, 430380, 430466,
                          431100, 431260, 430613, 421507, 431046, 430597, 432145, 431213,
                          430880, 432285, 430050, 430695, 420310, 432232, 431090, 431036,
                          432377, 430940, 420215, 432040, 431755, 431531, 430110, 431840,
                          431415, 432200, 430645, 430490, 430885, 420208, 430175, 421210,
                          431440, 432085, 420490, 432050, 431971, 431725, 431555, 431270,
                          430517, 431478, 430350, 431475, 432335, 430225, 430593, 430205,
                          431413, 430805, 430697, 430755, 430535, 432360, 431970, 430676,
                          431805, 431880, 421600, 430890, 430595, 421720, 430265, 430005,
                          420410, 420050, 431238, 421223, 430786, 420475, 432055, 432255,
                          431198, 431179, 430170, 431400, 420535, 420775, 420470, 430720,
                          431280, 430550, 430630, 431290, 432090, 432035, 431650, 431935,
                          421315, 420665, 430860, 431673, 420209, 431861, 430165, 430700,
                          431240, 430480, 420640, 421730, 430210, 430825, 430537, 431330,
                          431070, 430925, 432280, 431844, 421520, 430955, 421050, 430192,
                          431262, 432225, 421715, 431403, 432330, 421290, 421140, 431454,
                          431950, 421187, 421090, 430980, 430066, 421415, 431975, 421145,
                          421795, 430235, 420420, 430085, 430468, 430930, 420055, 430090,
                          431560, 430155, 430511, 430495, 421670, 430990, 421755, 420257,
                          432110, 421568, 431335, 431517, 420080, 430790, 430810, 430057,
                          431850, 430870, 431337, 430190, 432163, 421775, 420800, 420660,
                          431660, 431480, 431848, 420440, 420435, 431490, 432254, 421885,
                          430485, 431308, 432290, 431162, 421535, 431842, 432060, 420165,
                          430460, 430770, 431164, 420895, 420500, 410260, 430760, 431200,
                          431514, 421970, 431080, 431870, 432000, 421750, 420785, 430080,
                          431340, 431130, 431043, 431442, 430510, 421960, 420945, 430310,
                          410315, 421420, 421055, 430820, 430060, 431795, 431320, 421200,
                          430640, 431360, 420543, 431247, 431220, 430390, 431190, 412440,
                          421575, 430320, 432300, 420127, 420075, 420350, 410785, 431990,
                          421950, 432218, 430920, 421569, 420430, 412035, 420517, 421260,
                          431695, 430462, 431860, 431900, 420770, 412280, 430367, 430087,
                          421165, 431170, 421310, 411435, 431306, 420760, 420985, 431730,
                          411925, 420530, 420253, 420445, 431261, 430910, 421690, 431405,
                          420560, 420768, 432135, 421610, 420917, 410275, 421910, 421390,
                          430180, 430440, 431010, 421185, 432120, 411900, 430905, 432170,
                          410830, 410100, 411540, 430740, 430543, 421985, 420780, 412870,
                          412160, 431250, 421180, 420390, 420860, 421340, 410840, 432250,
                          420010, 411980, 421227, 412380, 411530, 420415, 410450, 411695,
                          431446, 410570, 412140, 410740, 420920, 411850, 431237, 412405,
                          421917, 431600, 420400, 410322, 431820, 412300, 420520, 431760,
                          420670, 420900, 430467, 420100, 431365, 421003, 411120, 431575,
                          412570, 430471, 420040, 412860, 420360, 412635, 411725, 411760,
                          420005, 410460, 410720, 410965, 420680, 411580, 410302, 420417,
                          410650, 421850, 420675, 410657, 431350, 420340, 412480, 412382,
                          412520, 421915, 421790, 411560, 421540, 430230, 431112, 430545,
                          411095, 410305, 430163, 420160, 431177, 421300, 410645, 421005,
                          420757, 410540, 411605, 412665, 432160, 431033, 412125, 411345,
                          421930, 412785, 421105, 410530, 431065, 412627, 430360, 432143,
                          420325, 432183, 420287, 432380, 411440, 430463, 412855, 412090,
                          421680, 421440, 410715, 410754, 412350, 420550, 420555, 431862,
                          412402, 431244, 432166, 421380, 431173, 430105, 410500, 412575,
                          412175, 420300, 412215, 420930, 412545, 410850, 430655, 412015,
                          410845, 410290, 420480, 420315, 421640, 410442, 420455, 411745,
                          410480, 410753, 421070, 421810, 421330, 410975, 432150, 421225,
                          411330, 420870, 421189, 420970, 411705, 421605, 421650, 411845,
                          421565, 410930, 410405, 421335, 421125, 412770, 421880, 421205,
                          421770, 412030, 420519, 412865, 410680, 420207, 411460, 410630,
                          421080, 412085, 412820, 421360, 410445, 421175, 411930, 410712,
                          421895, 421550, 410335, 421825, 420243, 411585, 420140, 411722,
                          412795, 411860, 420250, 421040, 421505, 411005, 420545, 421160,
                          410345, 420195, 411545, 411535, 421085, 420790, 410105, 421835,
                          421760, 410045, 410865, 421890, 420460, 411325, 411670, 421450,
                          420285, 410200, 421370, 420020, 421780, 420960, 411870, 420700,
                          420425, 411790, 411065, 420180, 421900, 422000, 421270, 412800,
                          411275, 421530, 412740, 421860, 410940, 410390, 411780, 500770,
                          421120, 421170, 411680, 410880, 420213, 420260, 421460, 410395,
                          411390, 420419, 500635, 420030, 421030, 420950, 421567, 410820,
                          421110, 421545, 421240, 421840, 420850, 411020, 410337, 420190,
                          421700, 412385, 420610, 411295, 410832, 420380, 421480, 420280,
                          421935, 412200, 421940, 500568, 412065, 420880, 500480, 411573,
                          420510, 412135, 420070, 421220, 420740, 412250, 412796, 421870,
                          421830, 411060, 421400, 421490, 420620, 420990, 421560, 420915,
                          420150, 410860, 420395, 410070, 420110, 421920, 412150, 420980,
                          410050, 500375, 410304, 410300, 420690, 421410, 411960, 421710,
                          412560, 411400, 500795, 500430, 421265, 410347, 420810, 410130,
                          411610, 411510, 411220, 412060, 411885, 420940, 420720, 420125,
                          411890, 412535, 411070, 411080, 421590, 421430, 410752, 420170,
                          411373, 421510, 410755, 411727, 420515, 412510, 420090, 410895,
                          410773, 412880, 420220, 412810, 420730, 411450, 421010, 420270,
                          412230, 420750, 421020, 420060, 421820, 412790, 412700, 410660,
                          500460, 411010, 411140, 421230, 410430, 421570, 421470, 500315,
                          421725, 421150, 420570, 410165, 412862, 410170, 410440, 410655,
                          421500, 420120, 420630, 410185, 421320, 420240, 410855, 411470,
                          412680, 421630, 421190, 410410, 420290, 411880, 411050, 411150,
                          421660, 420590, 420370, 410250, 420230, 421580, 410990, 420450,
                          411250, 500060
  Coordinates / radius..: (29.783000 S, 55.792000 W) / 744.33 km
  Population............: 1331
  Number of cases.......: 2458
  Expected cases........: 1331.11
  Annual cases / 100000.: 184780.0
  Observed / expected...: 1.85
  Relative risk.........: 2.03
  Log likelihood ratio..: 434.209251
  P-value...............: < 0.00000000000000001

2.Location IDs included.: 352940, 354330, 354780, 354880, 354410, 354870, 351380, 351570,
                          353980, 355250, 355030, 352310
  Coordinates / radius..: (23.668000 S, 46.461000 W) / 23.27 km
  Population............: 1038
  Number of cases.......: 347
  Expected cases........: 1038.37
  Annual cases / 100000.: 33440.1
  Observed / expected...: 0.33
  Relative risk.........: 0.32
  Log likelihood ratio..: 329.748988
  P-value...............: < 0.00000000000000001

3.Location IDs included.: 330190, 330575, 330270, 330250, 330490, 330430, 330185, 330330,
                          330080, 330580, 330455, 330550, 330390, 330170, 330560, 330510,
                          330020, 330045, 330320, 330285, 330350, 330340, 330022, 330187,
                          330515, 330385, 330290, 330414, 330130, 330520, 330600, 330370,
                          330570, 330050, 330227, 330540, 330160, 311620, 330180, 330555,
                          330095, 330070, 330360, 330025, 330620, 330280, 330120, 315860,
                          330150, 330200, 310150, 330452, 330450, 316750, 330110, 313980,
                          330023, 330610, 330030, 314950, 330245, 316560, 310610, 330400,
                          314080, 316000, 330590, 317210, 312850, 330530, 310690, 314020,
                          330240, 312460, 330395, 313670, 315727, 315590, 330260, 330460,
                          311590, 315620, 330140, 310440, 330630, 330440, 315110, 316290,
                          311960, 330040
  Coordinates / radius..: (22.744000 S, 42.859000 W) / 136.38 km
  Population............: 1083
  Number of cases.......: 543
  Expected cases........: 1083.28
  Annual cases / 100000.: 50158.9
  Observed / expected...: 0.50
  Relative risk.........: 0.48
  Log likelihood ratio..: 176.781273
  P-value...............: < 0.00000000000000001

4.Location IDs included.: 280490, 280270, 280440, 280640, 270670, 280340, 280070, 270680,
                          280690, 280380, 280430, 280160, 280570, 280330, 270750, 270320,
                          280730, 280530, 270270, 280150, 280130, 280020, 280250, 270820,
                          280010, 270590, 280610, 280110, 280720, 280400, 270150, 280660,
                          270880, 280190, 280460, 280200, 280470, 280310, 270260, 270400,
                          280650, 270230, 280260, 270920, 280590, 280060, 270290, 280480,
                          280030, 280360, 270915, 270410, 280240, 280390, 280220, 280410,
                          270030, 280050, 280700, 270420, 270140, 280600, 270375, 280670,
                          280450, 280290, 280560, 270910, 270200, 280445, 270020, 270235,
                          280320, 270370, 270860, 280230, 280100, 270090, 270080, 280370,
                          270070, 270780, 270310, 270100, 270480, 270900, 270060, 280680,
                          270440, 270340, 280420, 280620, 270620, 280500, 270540, 280140,
                          270490, 270700, 270630, 270640, 270470, 280520, 270255, 270600,
                          280350, 270690, 270120, 270570, 270660, 280210, 270040, 270760,
                          270840, 270250, 270940, 270130, 270220, 270530, 280710, 270790,
                          280067, 270170, 280630, 270430, 270180, 280540, 270890, 292380,
                          280580, 270800, 280510, 270190, 280040, 270770, 290920, 260210,
                          292420, 270720, 270520, 260860, 270550, 270810, 280760, 270110,
                          280280, 260470, 270710, 280120, 270895, 280300, 261510, 270460,
                          260650, 260050, 260240, 270930, 290035, 270610, 270644, 261230,
                          261010, 280750, 280170, 270280, 270580, 280740, 280550, 261030,
                          270050, 293076, 291075, 270830, 270850, 260600, 291790, 270380,
                          261320, 260100, 292760, 291185, 270160, 292700, 260370, 270300,
                          270330, 290160, 290860, 270650, 260320, 260750, 270240, 270510,
                          270500, 290780, 291810, 260380, 270870, 292305, 260330, 270010,
                          261150, 260825, 260830, 260915, 291650, 261290, 270210, 270642,
                          290030, 260840, 290960, 260880, 270560, 261580, 260920, 291060,
                          292650, 290190, 270390, 270740, 292400, 270730, 292310, 261600,
                          292660, 260280, 261020, 260795, 260670, 270135, 291140, 290265,
                          261650, 260700, 270360, 261300, 260870, 290790, 290700, 292290,
                          260500, 261080, 260060, 270350, 261480, 260420, 260310, 270450,
                          260150, 260805, 291050, 260080, 261000, 260040, 260120, 261240,
                          261090, 260030, 260170, 291370, 260820, 261100, 261340, 293190,
                          261470, 260660, 260140, 260230, 261310, 261330, 292970, 260590,
                          260130, 260480, 291590, 261120, 260410, 260350, 261485, 261180,
                          261190, 261200, 260260, 291070, 251520, 290205, 260190, 251410,
                          260090, 261420, 290360, 290070, 251740, 290220, 290210, 261170,
                          261410, 260800, 261140, 292330, 260640, 260450, 290040, 290682,
                          260520, 261540, 293150, 292590, 261250, 290750, 260510, 260180,
                          250390, 292520, 291910, 260720, 260740, 292410, 250970, 293050,
                          290327, 260580, 291450, 261500, 292710, 260490, 261130, 292100,
                          261620, 292150, 260570, 250470, 261050, 292830, 260290, 293140,
                          261640, 291005, 291990, 261210, 261270, 290890, 250170, 250407,
                          292750, 293170, 292950, 260690, 292265, 261450, 250053, 290640,
                          290570, 251630, 292800, 260610, 290850, 251220, 260540, 260940,
                          261618, 260810, 251278, 290680, 291330, 290840, 251315, 290770,
                          251394, 250485, 260440, 260890, 260160, 260790, 290110, 293110,
                          293200, 260850, 260220, 260415, 260010, 251060, 260390, 260710,
                          290650, 293070, 260560, 260970, 291080, 292860, 250073, 260340,
                          292610, 260845, 293300, 251700, 261590, 261370, 260345, 261060,
                          291920, 260400, 292920, 261390, 260392, 261160, 292580, 251550,
                          261153, 261570, 290020, 260910, 250310, 261550, 250625, 291992,
                          261460, 250157, 292630, 292930, 250250, 250990, 260960, 261440,
                          261247, 251230, 260270, 292895, 261360, 260950, 250130, 290150,
                          251400, 261070, 251480, 251455, 251660, 260005, 260105, 261380,
                          290820, 292975, 261630, 250850, 250435, 250010, 260930, 292740,
                          260770, 250900, 290170, 290490, 260900, 292900, 290135, 251065,
                          293040, 260680, 250800, 291610, 292273, 293320, 291700, 292230,
                          260250, 260070, 260780, 250670, 291160, 261280, 292730, 251250,
                          260775, 250540, 291380, 250650, 292060, 250610, 292405, 250215,
                          292880, 261530, 251385
  Coordinates / radius..: (10.453000 S, 36.651000 W) / 359.50 km
  Population............: 1345
  Number of cases.......: 842
  Expected cases........: 1344.74
  Annual cases / 100000.: 62655.9
  Observed / expected...: 0.63
  Relative risk.........: 0.60
  Log likelihood ratio..: 118.730439
  P-value...............: < 0.00000000000000001

5.Location IDs included.: 522205, 521210, 520050, 520735, 521805, 521770, 520740, 520350,
                          522155, 520910, 520505, 521260, 521300, 520650, 521600, 520995,
                          520013, 521380, 522190, 521839, 521930, 521170, 520545, 520993,
                          521971, 520425, 310980, 520390, 521710, 521150, 520180, 310375,
                          521570, 520915, 521850, 520920, 520970, 313140, 311260, 520460,
                          521878, 521640, 521590, 311580, 520005, 520020, 520140, 521880,
                          522005, 520330, 520450, 522140, 521290, 311180, 315980, 521440,
                          522150, 521910, 520630, 520870, 520260, 522045, 520780, 520590,
                          520280, 313420, 520455, 520130, 522026, 520880, 520520, 522010,
                          521920, 520420, 521375, 521973, 316960, 520360, 520015, 520355,
                          521580, 520160, 520145, 521000, 521630, 520840, 314280, 522040,
                          521500, 521450, 521160, 312910, 521340, 520085, 520410, 520430,
                          521230, 522119, 521480, 521740, 520680, 521140, 522180, 521010,
                          522060, 522200, 520485, 521530, 520570, 521900, 521540, 520120,
                          520110, 521390, 520660, 520090, 520393, 520815, 521950, 520850,
                          522100, 521680, 521040, 521030, 315280, 310350, 521130, 521020,
                          520760, 521190, 520510, 521056, 311110, 520890, 521205, 520010,
                          317043, 317020, 521990, 521200, 521520, 521565, 520480, 521550,
                          313862, 521060, 520960, 311500, 522130, 313440, 521180, 520710,
                          520580, 521730, 521100, 520440, 520030, 311690, 521225, 521080,
                          312790, 316130, 522050, 521220, 520929, 311455, 520235, 521645,
                          520690, 520551, 521120, 312350, 313340, 313070, 522170, 312480,
                          354420, 353000, 500290, 352070, 521370, 520620, 521870, 521250,
                          354040, 521925, 353475, 521720, 521975, 353660, 311140, 500630,
                          351070, 520753, 520150, 352965, 521523, 520500, 522028, 351800,
                          317110, 315640, 355530, 310010, 314310, 315070, 522185, 521385,
                          521860, 312710, 354030, 520540, 352820, 522230, 520549, 314500,
                          520025, 354570, 521295, 521935, 351420, 353590, 353420, 520860,
                          353690, 355695, 313160, 311730, 350180, 521015, 521890, 353625,
                          350395, 312860, 351550, 311930, 350120, 354610, 354740, 312700,
                          521486, 520725, 351520, 315160, 521310, 352480, 355580, 354765,
                          352960, 500100, 530010, 351210, 351980, 315770, 314920, 353500,
                          521945, 317010, 354720, 355710, 354660, 354450, 520547, 355610,
                          355490, 354920, 521470, 520340, 351290, 354900, 520215, 521810,
                          317100, 510100, 354025, 521090, 520380, 310070, 354925, 353520,
                          500440, 351385, 353300, 314700, 353284, 352910, 350090, 500295,
                          314980, 351790, 313710, 520320, 355340, 350260, 353040, 522015,
                          353400, 355130, 314810, 352830, 351740, 352115, 312125, 351590,
                          351690, 521560, 352970, 353260, 520170, 521690, 510180, 355255,
                          510665, 520945, 350480, 352010, 351890, 510719, 520980, 350300,
                          350420, 520310, 353140, 500780, 510820, 510670, 353990, 350550,
                          352044, 312890, 520250, 353286, 311820, 352810, 521400, 351680,
                          315690, 317040, 353030, 521760, 310945, 521305, 351750, 354980,
                          353250, 353390, 353100, 313753, 355230, 353330, 353740, 355570,
                          352450, 350820, 353270, 520640, 352130, 350460, 510120, 351130,
                          351200, 312070, 355520, 355190, 520800, 352410, 352420, 314800,
                          354360, 352725, 500325, 316680, 521940, 354805, 355560, 522160,
                          510030, 351770, 350930, 310400, 315340, 353280, 521970, 353960,
                          500627, 355260, 510060, 352570, 352540, 355715, 352300, 354080,
                          350810, 353700, 355440, 353150, 353325, 520017, 520400, 351495,
                          351940, 351120, 354940, 313750, 314437, 353190, 353570, 355535,
                          354310, 352950, 355680, 350610, 350775, 522157, 313630, 521487,
                          510390, 520470, 353510, 520495, 351320, 353430, 350210, 351110,
                          351492, 500830, 355600, 350020, 521460, 354950, 351100, 350280,
                          353900, 510310, 350510, 353210, 311430, 312247, 351780, 312950,
                          353810, 354490, 352150, 520055, 353360, 316810, 352885, 350370,
                          311640, 355365, 350650, 353950, 351620, 355690, 354270, 353010,
                          351820, 354480, 355310, 355320, 352650, 354560, 355630, 510040,
                          351250, 317075, 352190, 350620, 351710, 354440, 521483, 315550,
                          351560, 354020, 353730, 310855, 310380, 350640, 312970, 353320,
                          350440, 354460, 353130, 522000, 500025, 351010, 353630, 521280,
                          522220, 353350, 317047, 352430, 350590, 350560, 350770, 352370,
                          354160, 352510, 355170, 312120, 315300, 316170, 310820, 350780,
                          520082, 316890, 350110, 351650, 355370, 310930, 351190, 311240,
                          351720, 316210, 351460, 351860, 510625, 354340, 353770, 520750,
                          314120, 353160, 311510, 354930, 352710, 350740, 315445, 510810,
                          520552, 354840, 354650, 311150, 352770, 352270, 500020, 354090,
                          316510, 310450, 521405, 353310, 355510, 351400, 350100, 354510,
                          354010, 510420, 521410, 355150, 354710, 315970, 353640, 353490,
                          351700, 350880, 314130, 355590, 352600, 353205, 354380, 354180,
                          350335, 351440, 351600, 521960, 315290, 352930, 520357, 352160,
                          500230, 351310, 353540, 316430, 351885, 355270, 520465, 350010,
                          351960, 311560, 316470, 352740, 355140, 353600, 353480, 317060,
                          313375, 316660, 351810, 351730, 510460, 520810, 352080, 316820,
                          510628, 354790, 354370, 350470, 353460, 354250, 510617, 354625,
                          317052, 312470, 351920, 353290, 351580, 310700, 351910, 520790,
                          314640, 520060, 313290, 314790, 311980, 355500, 350940, 316220,
                          312630, 352890, 354690, 352580, 310510, 353890, 350580, 351685,
                          354470, 354085, 350170, 352760, 351900, 355090, 315370, 314350,
                          315760, 510020, 351090, 350320, 521800, 312320, 522145, 352200,
                          350140, 314320, 354200, 316935, 313480, 310020, 350340, 510260,
                          354830, 354110, 354000, 354760, 351512, 500260, 313880, 312620,
                          353410, 350430, 354323, 510729, 316294, 350520, 350670, 521308,
                          522020, 351670, 352900, 350080, 350890, 355660, 312340, 310190,
                          522070, 521525, 353830, 310760, 355475, 310410, 500640, 316390,
                          354750, 520530, 315150, 351930, 312830, 520080, 350730, 351660,
                          354150, 522068, 350680, 500755, 311280, 353050, 354120, 313030,
                          354130, 354770, 351430, 350720, 350910, 354170, 352920, 354290,
                          510637, 352560, 353450, 354220, 312870, 520396, 352290, 500710,
                          314050, 350130, 355330, 351565, 350600, 310940, 354140, 313720,
                          352790, 352060, 354890, 351370, 313690, 522108, 315120, 314510,
                          315213, 314240, 354070, 510779, 315050, 500190, 352780, 311615,
                          351450, 354240, 352750, 353370, 351470, 350150, 352530, 520670,
                          355360, 353670, 353940, 500793, 314650, 313530, 316420, 353550,
                          354970, 350830, 354630, 520990, 311440, 312960, 310740, 315057,
                          312810, 510270, 521377, 310420, 500330, 312570, 314410, 311710,
                          510700, 351080, 510760, 355550, 350240, 350070, 170200, 352380,
                          500769, 521270, 353920, 353930, 350790, 352870, 351410, 350870,
                          350200, 500150, 314300, 317080, 352980, 311995, 315200, 355390,
                          355290, 353657, 355080, 350980, 351390, 316040, 352800, 510704,
                          171575, 521490, 352360, 350745, 350530, 352000, 310390, 353970,
                          521830, 313005, 310200, 500740, 310950, 355640, 313050, 354620,
                          311115, 351270, 355470, 352880, 353220, 313830, 352680, 312610,
                          350400, 353020, 500490, 520940, 351519, 313810, 172097, 314970,
                          352670, 310430, 314360, 355050, 317000, 314890, 351330, 351000,
                          314520, 313730, 311130, 315140, 350360, 310840, 354320, 316110,
                          351530, 355395, 354550, 353215, 311760, 351990, 353530, 354700,
                          315180, 350030, 312240, 351950, 314690, 354910, 352110, 350040,
                          312020, 311910, 310530, 355010, 354390, 355040, 313560, 314580,
                          351170, 510520, 350330, 354540, 353715, 354640, 351925, 510718,
                          350055, 311160, 313970, 310160, 354670, 354105, 350060, 510740,
                          316180, 316265, 500310, 311100, 171884, 313350, 500730, 316460,
                          312090, 316690, 171150, 172025, 351220, 410080, 310710, 353380,
                          500080, 314960, 412000, 351240, 312230, 351610, 311200, 412050,
                          353470, 312520, 313868, 510480, 510630, 310080, 311040, 411260,
                          510360, 313110, 351015, 355730, 354810, 311030, 316225, 521350,
                          412360, 310480, 355430, 411090, 350630, 352860, 350230, 310260,
                          170070, 352140, 500750, 412450, 311880, 355720, 351518, 350750,
                          313020, 411380, 411100, 500270, 311120, 410360, 352090, 312660,
                          410110, 352690, 351140, 410800, 316060, 351515, 310990, 314740,
                          316310, 411830, 311420, 410510, 310920, 314710, 312990, 353070,
                          315830, 310860, 410340, 313640, 311870, 313900, 310960, 310140,
                          311650, 353870, 311890, 412640, 410270, 315920, 312640, 410240,
                          314720, 353080, 310825, 411340, 410280, 313100, 315170, 350450,
                          315880, 411180, 350380, 412130, 316940, 316120, 314250, 350310,
                          171620, 412650, 311400, 313490, 411600, 412390, 412180, 311190,
                          310320, 352260, 313380, 355460, 353880, 311660, 352350, 521980,
                          351280
  Coordinates / radius..: (17.735000 S, 49.806000 W) / 609.81 km
  Population............: 2028
  Number of cases.......: 2630
  Expected cases........: 2027.58
  Annual cases / 100000.: 129797.7
  Observed / expected...: 1.30
  Relative risk.........: 1.37
  Log likelihood ratio..: 97.746386
  P-value...............: < 0.00000000000000001

6.Location IDs included.: 231030, 231126, 231330, 220105, 230150, 220820, 230040, 230940,
                          220810, 230360, 220025, 231190, 220650, 221037, 220430, 221030,
                          220985, 220420, 230080, 230560, 230270, 220559, 220940, 221040,
                          221160, 220180, 220213, 220202, 221020, 230410, 231325, 220027,
                          230160, 221130, 221093, 220090, 231195, 231120, 220935, 220470,
                          220209, 220415, 220435, 220800, 230850, 220720, 230130, 220157,
                          230740, 220340, 220480, 220520, 231050, 220595, 220260, 230330,
                          230060, 230030, 220690, 230565, 220915, 220605, 230430, 231090,
                          230920, 220755, 231210, 260110, 220990, 221070, 230550, 220995,
                          231320, 220350, 220960, 220117, 220910, 220551, 230240, 230426,
                          231270, 220500, 230125, 231135, 231100, 231400, 230930, 221038,
                          260730, 220695, 220255, 230860, 220777, 220400, 221140, 221170,
                          230835, 221150, 220860, 261560, 230480, 260530, 221097, 230320,
                          220327, 230420, 230365, 220700, 221065, 220385, 230590, 230380,
                          220937, 220635, 230730, 220950, 231140, 260200, 231300, 230763,
                          230190, 230950, 220775, 220207, 260990, 220030, 220277, 230750,
                          220515, 220490, 261430, 230520, 220160, 220527, 230423, 230540,
                          260630, 220140, 230840, 230170, 220460, 220210, 220273, 220100,
                          230580, 220280, 220710, 220525, 220173, 220790, 220779, 230710,
                          261255, 231220, 220554, 220020, 231095, 230185, 220880, 220780,
                          230660, 230010, 220010, 230670, 220980, 220640, 220945, 220220,
                          231395, 220410, 231370, 220557, 230180, 221050, 220060, 221080,
                          220342, 220005, 230500, 230570, 231110, 230830, 230340, 261245,
                          230393, 231170, 231130, 230690, 220271, 260430, 220558, 220630,
                          251330, 220670, 220970, 220040, 251680, 250220, 220155, 230250,
                          230200, 250330, 230680, 250205, 220050, 220330, 211090, 220240,
                          221039, 220675, 230465, 220325, 231230, 261040, 241250, 251203,
                          251207, 241475, 220730, 220194, 261400, 220840, 251365, 230990,
                          250370, 230720, 231080, 240290, 260515, 230810, 220965, 221010,
                          230310, 220177, 231060, 220672, 251690, 250070, 230530, 240700,
                          230900, 230280, 240320, 220795, 230490, 250960, 220987, 260020,
                          230427, 220196, 251450, 240725, 241080, 220205, 220750, 231360,
                          220550, 240330, 210150, 221100, 220390, 240860, 240040, 230526,
                          230533, 240600, 261520, 211220, 230600, 220556, 230650, 250915,
                          261610, 261220, 250240, 230140, 221090, 220793, 251720, 220211,
                          210780, 230435, 241050, 230450, 251000, 240940, 220865, 250410,
                          230300, 231335, 230460, 231123, 220887, 230290, 231340, 220830,
                          230070, 251620, 241410, 240730, 251570, 250840, 220120, 261350,
                          220245, 241190, 230910, 251335, 250440, 230870, 231040, 220555,
                          240390, 231290, 231250, 220150, 210660, 230090, 251430, 220272,
                          230210, 250660, 251398, 251420, 230510, 230120, 230050, 230610,
                          251320, 241000, 260980, 221000, 241380, 250077, 241100, 221005,
                          230980, 250020, 240050, 220735, 230400, 231410, 230820, 260300,
                          241020, 220510, 250560, 251350
  Coordinates / radius..: (6.211000 S, 40.694000 W) / 300.35 km
  Population............: 467
  Number of cases.......: 761
  Expected cases........: 466.77
  Annual cases / 100000.: 163145.0
  Observed / expected...: 1.63
  Relative risk.........: 1.67
  Log likelihood ratio..: 81.073919
  P-value...............: < 0.00000000000000001

7.Location IDs included.: 150803, 150170, 150611, 150610, 150090, 150220, 150747, 150560,
                          150655, 150160, 150500, 150690, 150540, 150430, 150620, 150230,
                          150195, 150320, 150660, 150410, 150830, 150760, 150440, 150307,
                          150350, 210290, 150740, 210197, 150796, 150290, 210620, 150746,
                          150240, 150720, 210055, 150340, 210565, 210430, 150710, 150405,
                          150495, 150190, 150700, 210260, 150095, 150820, 150650, 210317,
                          210632, 150150, 150260, 150275, 150635, 210467, 150442, 150080,
                          210637, 150020, 210315, 150345, 211240, 150630, 150140, 150790,
                          210923, 150130, 210083, 150800, 210130, 211003, 211245, 211178,
                          210980, 150550, 150570, 150470, 150200, 150010, 210735, 210927,
                          210370, 210087, 150330, 150640, 210860, 210680, 210312, 150490,
                          211400, 210905, 210825, 210190, 210490, 210310, 210840, 210760,
                          211102, 150400, 211050, 210200, 210465, 210745, 210135, 211170,
                          150770, 150812, 210650, 150795, 210047, 210830, 211100, 210020,
                          150210, 211280, 210240, 210690, 210250, 210850, 211130, 211227,
                          150280, 210990, 150460, 150070, 210515, 210177, 150520, 210945,
                          211290, 210750, 210070, 210100, 210125, 211120, 150250, 211000,
                          210960, 150120, 150293, 211020, 210510, 210870, 210232, 210110,
                          210203, 150110, 210710, 210920, 210237, 211172, 210675, 210040,
                          210355, 210542, 210540, 210663, 210215, 150309
  Coordinates / radius..: (1.072000 S, 46.897000 W) / 393.02 km
  Population............: 530
  Number of cases.......: 291
  Expected cases........: 530.06
  Annual cases / 100000.: 54936.1
  Observed / expected...: 0.55
  Relative risk.........: 0.54
  Log likelihood ratio..: 66.733319
  P-value...............: < 0.00000000000000001

8.Location IDs included.: 130020, 130060, 130406, 130390, 130006, 130140, 130370
  Coordinates / radius..: (4.372000 S, 70.192000 W) / 286.84 km
  Population............: 13
  Number of cases.......: 56
  Expected cases........: 12.72
  Annual cases / 100000.: 440579.4
  Observed / expected...: 4.40
  Relative risk.........: 4.42
  Log likelihood ratio..: 39.794472
  P-value...............: 0.0000000000014

9.Location IDs included.: 230770, 230765, 230970, 230495, 230370, 230625, 230440, 230428,
                          230523, 230100, 231010, 230015, 231160, 230960, 230195, 231240
  Coordinates / radius..: (3.890000 S, 38.686000 W) / 44.51 km
  Population............: 249
  Number of cases.......: 142
  Expected cases........: 248.76
  Annual cases / 100000.: 57121.1
  Observed / expected...: 0.57
  Relative risk.........: 0.57
  Log likelihood ratio..: 27.572558
  P-value...............: 0.000000070

10.Location IDs included.: 314550, 313590, 313780, 311410, 312050, 311720, 316370, 316780,
                           312280, 311070, 314440, 311770, 314910, 312920, 313990, 311090,
                           315260, 316490, 317170, 311550, 316200, 316320, 310490, 316930,
                           313310, 314040, 313240, 314260, 311360, 315100, 314760, 313300,
                           316520, 312110, 315960, 316440, 317220, 312080, 311900, 315090,
                           310890, 316080, 316980, 316740, 312360, 317070, 353850, 310970,
                           351340, 310130, 311780, 352660, 311390, 311470, 310120
   Coordinates / radius..: (22.068000 S, 45.264000 W) / 68.86 km
   Population............: 65
   Number of cases.......: 118
   Expected cases........: 65.45
   Annual cases / 100000.: 180422.9
   Observed / expected...: 1.80
   Relative risk.........: 1.81
   Log likelihood ratio..: 17.105059
   P-value...............: 0.00073

11.Location IDs included.: 210170, 210805, 211027, 211250, 211023, 210500, 210940, 210015,
                           211060, 211260, 210173, 220585, 211010, 220545, 220580, 210667,
                           210630, 211040, 210640, 220669, 210090, 210210, 210080, 220540,
                           220610
   Coordinates / radius..: (2.747000 S, 42.826000 W) / 111.77 km
   Population............: 32
   Number of cases.......: 8
   Expected cases........: 32.39
   Annual cases / 100000.: 24717.6
   Observed / expected...: 0.25
   Relative risk.........: 0.25
   Log likelihood ratio..: 13.222452
   P-value...............: 0.020

12.Location IDs included.: 412290, 350500, 412400, 352280, 410470, 412660, 351540, 355300,
                           412070, 411280, 351260, 354350, 412540, 412850, 355420, 412780,
                           355120, 355380, 410900
   Coordinates / radius..: (23.601000 S, 49.626000 W) / 43.22 km
   Population............: 13
   Number of cases.......: 32
   Expected cases........: 12.90
   Annual cases / 100000.: 248292.6
   Observed / expected...: 2.48
   Relative risk.........: 2.48
   Log likelihood ratio..: 9.990800
   P-value...............: 0.322

13.Location IDs included.: 130080, 130310, 130030, 130110, 130330, 130115, 130185, 130255
   Coordinates / radius..: (4.388000 S, 59.594000 W) / 143.45 km
   Population............: 17
   Number of cases.......: 3
   Expected cases........: 17.05
   Annual cases / 100000.: 17605.1
   Observed / expected...: 0.18
   Relative risk.........: 0.18
   Log likelihood ratio..: 8.846176
   P-value...............: 0.661

14.Location IDs included.: 210410, 210725, 211157, 210407, 210409, 210140, 210950, 211160,
                           210970, 211105, 210610, 220890, 210480, 210598, 211180, 170384,
                           220115, 210405, 210280, 170030, 170900, 170770, 211080, 210900,
                           172120, 171380, 210255, 210700, 210060, 210408, 211065, 211200,
                           172000, 210955, 170300, 171430, 170650, 210235, 210180, 221120,
                           170307, 171280, 210547, 210455, 210160
   Coordinates / radius..: (6.964000 S, 46.177000 W) / 192.08 km
   Population............: 48
   Number of cases.......: 79
   Expected cases........: 48.13
   Annual cases / 100000.: 164257.0
   Observed / expected...: 1.64
   Relative risk.........: 1.65
   Log likelihood ratio..: 8.314810
   P-value...............: 0.822

15.Location IDs included.: 150503, 150375, 150805, 510410, 510629, 510626, 510025, 510279,
                           150360, 510560, 150619, 510642, 510080
   Coordinates / radius..: (7.147000 S, 55.382000 W) / 350.13 km
   Population............: 25
   Number of cases.......: 46
   Expected cases........: 24.56
   Annual cases / 100000.: 187411.1
   Observed / expected...: 1.87
   Relative risk.........: 1.88
   Log likelihood ratio..: 7.441877
   P-value...............: 0.979

16.Location IDs included.: 320160, 320490, 320305, 320410, 292200, 320100, 320390, 320405,
                           320501, 320517, 320350, 292300, 320515, 320320, 320470, 320435,
                           320360, 320425, 316670, 320225, 314430, 290690, 291280, 320465,
                           320013, 293135, 320210, 320090, 320335, 291890, 320016, 290080,
                           313960, 314467, 320400, 320150, 320035, 292110, 320313, 311370,
                           320060, 292550, 320330, 312083, 316257, 320250, 293325, 310470,
                           313180, 320495, 312737, 320220, 311570, 320080, 291600, 310110,
                           314620, 317030, 291560, 316165
   Coordinates / radius..: (18.593000 S, 39.732000 W) / 174.68 km
   Population............: 113
   Number of cases.......: 75
   Expected cases........: 113.15
   Annual cases / 100000.: 66325.9
   Observed / expected...: 0.66
   Relative risk.........: 0.66
   Log likelihood ratio..: 7.363112
   P-value...............: 0.981
_______________________________________________________________________________________________

PARAMETER SETTINGS

Input
-----
  Case File        : C:\Users\marco\Documents\20202sem\Mestrado\31 - SatScan real\observado.cas
  Population File  : C:\Users\marco\Documents\20202sem\Mestrado\31 - SatScan real\esperado.pop
  Time Precision   : None
  Start Time       : 2019/1/1
  End Time         : 2019/12/31
  Coordinates File : C:\Users\marco\Documents\20202sem\Mestrado\31 - SatScan real\coordenadas.geo
  Coordinates      : Latitude/Longitude

Analysis
--------
  Type of Analysis    : Purely Spatial
  Probability Model   : Discrete Poisson
  Scan for Areas with : High or Low Rates

Output
------
  Main Results File       : C:\Users\marco\Documents\20202sem\Mestrado\31 - SatScan real\saida.txt
  Cluster File            : C:\Users\marco\Documents\20202sem\Mestrado\31 - SatScan real\saida.col.txt
  Google Earth File       : C:\Users\marco\Documents\20202sem\Mestrado\31 - SatScan real\saida.kml
  Google Maps File        : C:\Users\marco\Documents\20202sem\Mestrado\31 - SatScan real\saida.clustermap.html
  Shapefile               : C:\Users\marco\Documents\20202sem\Mestrado\31 - SatScan real\saida.clustermap.col.shp
  Cartesian Graph File    : C:\Users\marco\Documents\20202sem\Mestrado\31 - SatScan real\saida.cluster.html
  Cluster File            : C:\Users\marco\Documents\20202sem\Mestrado\31 - SatScan real\saida.cluster.col.dbf
  Stratified Cluster File : C:\Users\marco\Documents\20202sem\Mestrado\31 - SatScan real\saida.cluster.sci.txt
  Location File           : C:\Users\marco\Documents\20202sem\Mestrado\31 - SatScan real\saida.cluster.gis.txt
  Risk Estimates File     : C:\Users\marco\Documents\20202sem\Mestrado\31 - SatScan real\saida.cluster.rr.txt
  Simulated LLRs File     : C:\Users\marco\Documents\20202sem\Mestrado\31 - SatScan real\saida.cluster.llr.txt

Data Checking
-------------
  Temporal Data Check     : Check to ensure that all cases and controls are within the specified temporal study period.
  Geographical Data Check : Check to ensure that all observations (cases, controls and populations) are within the specified geographical area.

Spatial Neighbors
-----------------
  Use Non-Euclidian Neighbors file : No
  Use Meta Locations File          : No
  Multiple Coordinates Type        : Allow only one set of coordinates per location ID.

Spatial Window
--------------
  Maximum Spatial Cluster Size : 15 percent of population at risk
  Window Shape                 : Circular
  Isotonic Scan                : No

Cluster Restrictions
--------------------
  Minimum Cases in Cluster for High Rates : 2
  Restrict High Rate Clusters             : No
  Restrict Low Rate Clusters              : No

Space And Time Adjustments
--------------------------
  Adjust for known relative risks : No

Inference
---------
  P-Value Reporting                  : Default Combination
  Number of Replications             : 999
  Adjusting for More Likely Clusters : No

Border Analysis
---------------
  Report Oliveira's F : No

Spatial Output
--------------
  Automatically Launch Map                  : Yes
  Compress KML File into KMZ File           : No
  Include All Location IDs in the Clusters  : Yes
  Cluster Location Threshold - Separate KML : 1000
  Report Hierarchical Clusters              : Yes
  Criteria for Reporting Secondary Clusters : No Geographical Overlap
  Report Gini Optimized Cluster Collection  : No
  Restrict Reporting to Smaller Clusters    : No

Other Output
------------
  Report Critical Values     : No
  Report Monte Carlo Rank    : No
  Print ASCII Column Headers : Yes

Run Options
-----------
  Processor Usage   : All Available Processors
  Suppress Warnings : No
  Logging Analysis  : No
_______________________________________________________________________________________________

Program completed  : Fri Mar 11 19:34:46 2022
Total Running Time : 34 seconds
Processor Usage    : 4 processors