LLR                 
7.529396            
8.798604            
9.616902            
7.958850            
8.568592            
10.043182           
8.596586            
8.874846            
14.031821           
8.954904            
9.217790            
9.874642            
7.755101            
9.017669            
9.623914            
9.346343            
9.754086            
8.082796            
9.306869            
12.643492           
9.615775            
9.282245            
8.874293            
7.723721            
9.703775            
7.847833            
10.863667           
8.630354            
8.243365            
8.151316            
11.435580           
7.561424            
7.841167            
10.861425           
8.757980            
9.525061            
14.842979           
11.749662           
11.119910           
9.514523            
10.158465           
10.431550           
7.894329            
8.926782            
9.783172            
8.470526            
8.385464            
8.472862            
8.513335            
9.120564            
8.855097            
9.749168            
10.849016           
9.432313            
10.666366           
8.189292            
12.868624           
11.445089           
10.068382           
9.014502            
10.895137           
12.405953           
7.585850            
12.851678           
13.535281           
10.583322           
9.492148            
9.323960            
8.549134            
10.449768           
7.604933            
11.369960           
12.729457           
10.997836           
9.696882            
8.838442            
8.778869            
9.590628            
10.691979           
9.584521            
9.248560            
8.000505            
9.473287            
10.697704           
7.724538            
10.623237           
13.564833           
9.132168            
10.789758           
10.293569           
9.638829            
9.480702            
9.894408            
10.983107           
7.965217            
10.397903           
7.082229            
7.492596            
8.959175            
7.760852            
10.263883           
13.961386           
8.431784            
7.792723            
7.327737            
9.236788            
7.612422            
9.698660            
9.014889            
11.119661           
7.668748            
8.794220            
9.654595            
10.289238           
9.864932            
9.140304            
10.346359           
10.598660           
9.496057            
10.612287           
12.178879           
9.360096            
8.537431            
12.466516           
9.886525            
12.667140           
8.034506            
9.865031            
8.462347            
9.537209            
8.920991            
8.787603            
9.832787            
8.277103            
10.338619           
9.180935            
6.969534            
9.273464            
9.781628            
9.634948            
8.730956            
8.930365            
7.923648            
7.519344            
10.327488           
9.783896            
11.075757           
8.782197            
7.089890            
11.361570           
8.614720            
12.629051           
9.849672            
9.606111            
9.603085            
8.944594            
10.727351           
9.136834            
8.477786            
8.709200            
8.530486            
8.811869            
9.258487            
9.665061            
11.328468           
10.336799           
7.573779            
8.947055            
8.729421            
9.442506            
13.106540           
9.675258            
11.657930           
8.876231            
8.488164            
9.454981            
7.738207            
11.495234           
8.077216            
9.771226            
9.422215            
8.163305            
11.039171           
8.927825            
10.316314           
8.922843            
10.729713           
13.253512           
12.001017           
12.362128           
9.018555            
9.605155            
11.318608           
11.039529           
8.247333            
8.414912            
10.231351           
10.448032           
7.927227            
8.970842            
8.005966            
10.806562           
7.968483            
11.397097           
9.169687            
10.547353           
9.772590            
10.466050           
9.522114            
9.003591            
7.405362            
8.827385            
11.280310           
9.603273            
10.270051           
10.444697           
7.285172            
10.146462           
8.946890            
9.090548            
8.349588            
9.197548            
9.959258            
7.661921            
8.273764            
9.541541            
9.640335            
7.473842            
11.143368           
7.813513            
12.040736           
10.101079           
8.487421            
11.109564           
9.154777            
8.777655            
9.594868            
9.705026            
8.304583            
10.436064           
8.828355            
9.091254            
9.129829            
8.342110            
7.193959            
8.397646            
10.271688           
9.125423            
10.542569           
6.870015            
11.871453           
12.886712           
9.935645            
9.399518            
8.398973            
9.506443            
7.778497            
10.353640           
10.102979           
8.988698            
8.834906            
10.739426           
9.288255            
9.083744            
11.553666           
9.208144            
9.516301            
9.978809            
7.201068            
9.013149            
8.324181            
12.080617           
12.253279           
7.661586            
10.617199           
7.884235            
9.507846            
9.835585            
8.032034            
9.247091            
8.933489            
8.330732            
8.462472            
11.892126           
10.441268           
8.638255            
9.082368            
9.573030            
10.796067           
9.584488            
8.266165            
8.390604            
8.167055            
8.558212            
8.172113            
9.468135            
11.075678           
9.300276            
10.534917           
8.051796            
11.008605           
9.262107            
9.746248            
8.016496            
9.787596            
11.799332           
8.884539            
7.649992            
11.105124           
10.208250           
8.045464            
9.619729            
9.463611            
10.753806           
8.385932            
9.257810            
8.053744            
9.428591            
9.813274            
7.842826            
8.357276            
8.461388            
9.241319            
9.405979            
9.161115            
10.446099           
8.637400            
8.671084            
9.211745            
7.649821            
12.950876           
8.137290            
7.449681            
9.409691            
8.274174            
9.632809            
9.446783            
11.449883           
9.755137            
9.351830            
9.313879            
9.333220            
8.260334            
8.691608            
8.789866            
12.795612           
8.007827            
9.050195            
12.452621           
8.130923            
8.666372            
11.515000           
11.231702           
7.768769            
9.381563            
8.999878            
8.215850            
10.010601           
9.690800            
10.574824           
9.848632            
8.310972            
11.885335           
11.822185           
9.818922            
8.562943            
8.921771            
9.221383            
8.064295            
9.376018            
8.558082            
10.427899           
8.783281            
8.857823            
10.906830           
8.742982            
11.232832           
11.245871           
10.092991           
9.567717            
11.613894           
8.178549            
7.967068            
8.765256            
8.445576            
12.696238           
9.505604            
9.196610            
9.466438            
8.709482            
8.415455            
8.804094            
8.338203            
11.731640           
12.537982           
9.520675            
7.582078            
8.515483            
10.292608           
9.552148            
9.101313            
10.637841           
12.084699           
8.997492            
8.247649            
9.555095            
11.906831           
8.874542            
10.952457           
9.536294            
8.751577            
11.156210           
9.981476            
9.408760            
9.404457            
8.741273            
13.190949           
7.594370            
10.192778           
12.065341           
11.637996           
7.907079            
8.963941            
9.799420            
8.005711            
8.579149            
8.771515            
11.281063           
10.429793           
15.813676           
8.488223            
10.595346           
8.704702            
9.046333            
8.466751            
7.902264            
14.753936           
9.192753            
8.853862            
11.226099           
10.583988           
10.032465           
7.969300            
9.690071            
7.405826            
10.769930           
9.741364            
8.536169            
10.561460           
9.054253            
6.724726            
9.104413            
11.919667           
8.724304            
8.117839            
9.586830            
11.365422           
9.572816            
10.148525           
9.124873            
8.704507            
8.955074            
9.592927            
8.931337            
7.972938            
8.274613            
11.363148           
9.006210            
10.076473           
10.822129           
9.292107            
7.540742            
11.099192           
10.779165           
10.767787           
9.172755            
8.214183            
8.463612            
8.309632            
8.501921            
9.500436            
7.884509            
9.985208            
9.573560            
9.713078            
12.365539           
9.536378            
8.651717            
8.409460            
9.432551            
9.341998            
11.671861           
8.516908            
9.908745            
9.658867            
8.677680            
9.951940            
10.003755           
10.176145           
10.593430           
7.254834            
8.131033            
14.907787           
9.043078            
10.992845           
8.624989            
12.241942           
10.728171           
12.698912           
8.953561            
9.790655            
8.302885            
9.405656            
8.860882            
10.246305           
8.589627            
8.746974            
8.575063            
8.947802            
7.493252            
8.919658            
9.533214            
10.978350           
10.275204           
8.521749            
8.386123            
11.979764           
8.208511            
9.884240            
9.440557            
9.706806            
10.133820           
10.038248           
9.456456            
9.320565            
11.930545           
7.923825            
10.475268           
8.010020            
12.898353           
12.209129           
8.061265            
8.167045            
10.659321           
8.844967            
8.743230            
7.482396            
11.952812           
8.191733            
8.217913            
10.319030           
11.235682           
9.151221            
15.281000           
10.963484           
10.896202           
10.166850           
9.533437            
9.426716            
10.030871           
9.035253            
11.566049           
7.881137            
9.767720            
12.344685           
10.199957           
10.654012           
11.774934           
10.413629           
8.562922            
8.749848            
8.546172            
11.577259           
7.190586            
8.757153            
8.342952            
6.687288            
10.487792           
13.241474           
8.915152            
11.782129           
9.931654            
10.236268           
8.267121            
12.448210           
8.406063            
10.162470           
9.004174            
7.783461            
11.962217           
9.558426            
9.604414            
10.245105           
8.108983            
12.577906           
8.175845            
9.531701            
8.684684            
7.786871            
11.125832           
11.261459           
9.158862            
8.795845            
9.931672            
9.420589            
8.935601            
9.517735            
10.506223           
8.207602            
10.408760           
9.509609            
8.976415            
10.142625           
8.681775            
9.898681            
11.719134           
8.822858            
10.136446           
10.418932           
9.164554            
9.174247            
10.033228           
7.634434            
9.841307            
9.981821            
12.622316           
9.084848            
8.931846            
9.173053            
8.057384            
7.913782            
9.962030            
8.161697            
8.909392            
8.802369            
7.753798            
9.992533            
8.841344            
12.182106           
8.697456            
12.488786           
8.552008            
9.791775            
10.580606           
8.395726            
9.891947            
8.060399            
8.507341            
8.431354            
10.043146           
8.627850            
11.208592           
11.065444           
11.544205           
9.702358            
8.364738            
8.858740            
8.558843            
8.059795            
8.337583            
9.028785            
7.848860            
9.718130            
11.859712           
8.723533            
9.682622            
9.637006            
12.170440           
7.936635            
8.074807            
8.300611            
9.476004            
10.739046           
9.438668            
9.600368            
8.434011            
10.149941           
9.841683            
10.094279           
8.661514            
7.881807            
11.083286           
8.835600            
8.298454            
7.722776            
10.643224           
10.291081           
8.540174            
6.853882            
8.710296            
8.786290            
9.775564            
8.630755            
8.878332            
7.993682            
7.724177            
9.228908            
9.136411            
11.890190           
8.158889            
9.112217            
9.274321            
9.263144            
13.248750           
8.889099            
8.939849            
7.788572            
9.059924            
11.200116           
8.670022            
11.050792           
9.262932            
10.455609           
13.042384           
8.716412            
9.010423            
11.502965           
10.978320           
9.583106            
9.591210            
9.388116            
10.135743           
9.924348            
9.528490            
11.227307           
10.024558           
7.573941            
9.788424            
11.707018           
11.224119           
8.221302            
9.011791            
10.479196           
10.697053           
13.130512           
10.958119           
10.420216           
9.309852            
12.818368           
8.616066            
13.608674           
9.073298            
9.119937            
8.882251            
10.033685           
7.709312            
7.847436            
7.141814            
9.187607            
11.718403           
9.270508            
7.898099            
8.757576            
11.620154           
8.898531            
7.825277            
8.687262            
9.285649            
8.344489            
8.185820            
9.654973            
11.720086           
9.103763            
8.168448            
8.348556            
11.897637           
9.365466            
9.046333            
11.165195           
8.660176            
10.085085           
9.644292            
12.441369           
9.647438            
10.036872           
10.643334           
10.068049           
7.706373            
8.921482            
7.592585            
12.728135           
9.813636            
10.052176           
10.761988           
11.038510           
7.149021            
8.973146            
10.390501           
9.214191            
8.216314            
12.368656           
7.769676            
7.893436            
8.283609            
11.250528           
9.574922            
10.869733           
8.691039            
11.278969           
12.066583           
8.742641            
10.598326           
10.620094           
9.122218            
8.974469            
9.029897            
15.897780           
10.215325           
8.184046            
9.162828            
13.582281           
9.382481            
8.891805            
9.769891            
8.744973            
9.687953            
12.716672           
8.366838            
10.248686           
10.776240           
8.785437            
9.176078            
8.290643            
9.392972            
9.298148            
10.397115           
8.347306            
12.934090           
8.999960            
11.767276           
8.065671            
7.762361            
8.595008            
10.172221           
8.230343            
8.541779            
9.803405            
7.642859            
9.965824            
9.594953            
9.468632            
15.074436           
10.275830           
9.631407            
9.961627            
12.312388           
7.797873            
10.907580           
9.691508            
8.225772            
8.032555            
7.793556            
8.664635            
11.883597           
8.134837            
7.906442            
9.427931            
10.178656           
8.804749            
9.332515            
8.885950            
8.946594            
9.495446            
9.795302            
8.583343            
9.319637            
8.399674            
9.447502            
9.200223            
9.005234            
13.740379           
9.542553            
10.036973           
8.611436            
8.440769            
9.446477            
6.888421            
8.873583            
10.267425           
13.000814           
8.731586            
10.920463           
8.608153            
8.361658            
10.026038           
10.917262           
11.227801           
9.704901            
9.188861            
8.640777            
8.358084            
8.032926            
9.504281            
8.827949            
12.681848           
8.452872            
12.186323           
8.329901            
6.756652            
8.864908            
11.138315           
8.028868            
8.757267            
10.626046           
10.620966           
8.703241            
8.034843            
9.600359            
11.589118           
6.873564            
8.222318            
8.851772            
9.961998            
9.723702            
10.815044           
9.394896            
8.588272            
9.473910            
9.562070            
9.078571            
9.350314            
8.834555            
10.955276           
11.293793           
8.190967            
11.756682           
10.540252           
8.399481            
9.639966            
14.836885           
9.969339            
8.546941            
9.089087            
11.545921           
8.997490            
7.905947            
12.435356           
10.498860           
10.886064           
11.197131           
8.760528            
9.806048            
9.623030            
8.230233            
14.375878           
8.877259            
10.746039           
9.062969            
10.251451           
8.163817            
8.270013            
8.537574            
9.942314            
8.754569            
7.658958            
12.157890           
11.001310           
8.695877            
11.274583           
10.362469           
8.139618            
10.346380           
10.762588           
8.879272            
8.259481            
10.097805           
7.730823            
8.359522            
9.495651            
8.525595            
9.817997            
8.355791            
9.445638            
10.072312           
9.614891            
10.574807           
9.642799            
10.345290           
9.778232            
11.372514           
9.323056            
10.007131           
8.677704            
10.192653           
9.647533            
7.926886            
8.359721            
7.045688            
9.905624            
8.988806            
10.209150           
7.571610            
9.709001            
10.897406           
7.661026            
9.315351            
10.504362           
8.812494            
8.424735            
